labels 1 -1
-1 0.215445 0.784555
-1 0.230067 0.769933
-1 0.2612 0.7388
-1 0.214199 0.785801
-1 0.214447 0.785553
-1 0.223406 0.776594
-1 0.217904 0.782096
-1 0.213839 0.786161
-1 0.223345 0.776655
-1 0.273919 0.726081
-1 0.214746 0.785254
-1 0.405811 0.594189
-1 0.214217 0.785783
-1 0.421249 0.578751
-1 0.244689 0.755311
-1 0.229399 0.770601
-1 0.351624 0.648376
-1 0.283529 0.716471
-1 0.251159 0.748841
-1 0.214217 0.785783
-1 0.214475 0.785525
-1 0.215094 0.784906
-1 0.468396 0.531604
-1 0.21663 0.78337
-1 0.21675 0.78325
-1 0.23341 0.76659
-1 0.236672 0.763328
-1 0.341806 0.658194
-1 0.214065 0.785935
-1 0.337087 0.662913
-1 0.445108 0.554892
-1 0.21411 0.78589
-1 0.403326 0.596674
-1 0.252505 0.747495
-1 0.215102 0.784898
-1 0.214172 0.785828
-1 0.315026 0.684974
-1 0.214152 0.785848
-1 0.294455 0.705545
-1 0.310144 0.689856
-1 0.217121 0.782879
-1 0.260972 0.739028
-1 0.214357 0.785643
-1 0.214261 0.785739
-1 0.227092 0.772908
-1 0.21426 0.78574
-1 0.214328 0.785672
-1 0.283241 0.716759
1 0.591486 0.408514
-1 0.22353 0.77647
-1 0.214078 0.785922
-1 0.213911 0.786089
-1 0.356044 0.643956
-1 0.217247 0.782753
-1 0.332132 0.667868
-1 0.214326 0.785674
-1 0.222778 0.777222
-1 0.215126 0.784874
-1 0.214696 0.785304
-1 0.27493 0.72507
-1 0.214786 0.785214
-1 0.21766 0.78234
-1 0.435142 0.564858
-1 0.214359 0.785641
-1 0.215167 0.784833
-1 0.302977 0.697023
-1 0.214212 0.785788
-1 0.221008 0.778992
-1 0.22657 0.77343
-1 0.291776 0.708224
-1 0.227222 0.772778
-1 0.214205 0.785795
-1 0.214257 0.785743
-1 0.224609 0.775391
-1 0.216834 0.783166
-1 0.402512 0.597488
-1 0.442731 0.557269
-1 0.214432 0.785568
-1 0.229674 0.770326
-1 0.213751 0.786249
-1 0.240121 0.759879
-1 0.286574 0.713426
-1 0.214191 0.785809
-1 0.215887 0.784113
-1 0.395348 0.604652
-1 0.29019 0.70981
-1 0.284298 0.715702
-1 0.21574 0.78426
1 0.526648 0.473352
-1 0.216187 0.783813
-1 0.215438 0.784562
-1 0.214206 0.785794
-1 0.260255 0.739745
-1 0.279604 0.720396
-1 0.214624 0.785376
-1 0.215348 0.784652
-1 0.214264 0.785736
-1 0.305087 0.694913
-1 0.216087 0.783913
-1 0.215089 0.784911
-1 0.219558 0.780442
-1 0.214182 0.785818
-1 0.217719 0.782281
-1 0.214572 0.785428
-1 0.214977 0.785023
-1 0.214363 0.785637
-1 0.219975 0.780025
-1 0.443199 0.556801
-1 0.218863 0.781137
-1 0.215038 0.784962
-1 0.264494 0.735506
-1 0.215084 0.784916
-1 0.214233 0.785767
-1 0.217026 0.782974
-1 0.221861 0.778139
-1 0.272614 0.727386
-1 0.21638 0.78362
-1 0.221665 0.778335
-1 0.21566 0.78434
-1 0.234491 0.765509
-1 0.230203 0.769797
-1 0.249452 0.750548
-1 0.218524 0.781476
-1 0.214615 0.785385
-1 0.215113 0.784887
-1 0.222499 0.777501
-1 0.21433 0.78567
-1 0.227588 0.772412
-1 0.215169 0.784831
-1 0.32435 0.67565
-1 0.214736 0.785264
-1 0.23 0.77
-1 0.234006 0.765994
-1 0.217925 0.782075
-1 0.214259 0.785741
-1 0.214237 0.785763
-1 0.214915 0.785085
-1 0.239354 0.760646
-1 0.330631 0.669369
-1 0.32721 0.67279
-1 0.215579 0.784421
-1 0.250531 0.749469
-1 0.254666 0.745334
-1 0.22975 0.77025
-1 0.362811 0.637189
-1 0.22903 0.77097
-1 0.221714 0.778286
-1 0.425044 0.574956
-1 0.218694 0.781306
-1 0.216346 0.783654
-1 0.225138 0.774862
-1 0.284407 0.715593
-1 0.240334 0.759666
-1 0.247948 0.752052
-1 0.296209 0.703791
-1 0.214732 0.785268
-1 0.228834 0.771166
-1 0.214294 0.785706
-1 0.245549 0.754451
-1 0.21494 0.78506
-1 0.221253 0.778747
-1 0.261092 0.738908
-1 0.445108 0.554892
-1 0.213707 0.786293
-1 0.308169 0.691831
-1 0.226207 0.773793
-1 0.214611 0.785389
-1 0.215019 0.784981
-1 0.215243 0.784757
-1 0.221711 0.778289
-1 0.214227 0.785773
-1 0.21433 0.78567
-1 0.214244 0.785756
-1 0.214261 0.785739
-1 0.400641 0.599359
-1 0.281158 0.718842
-1 0.223357 0.776643
-1 0.233597 0.766403
-1 0.214168 0.785832
-1 0.214403 0.785597
-1 0.274923 0.725077
-1 0.215272 0.784728
-1 0.214721 0.785279
-1 0.214289 0.785711
-1 0.27007 0.72993
-1 0.216013 0.783987
-1 0.214776 0.785224
-1 0.214257 0.785743
-1 0.273065 0.726935
-1 0.248486 0.751514
-1 0.281864 0.718136
-1 0.234412 0.765588
-1 0.215719 0.784281
-1 0.234143 0.765857
-1 0.214191 0.785809
-1 0.273858 0.726142
-1 0.215127 0.784873
-1 0.214271 0.785729
-1 0.214386 0.785614
-1 0.308264 0.691736
-1 0.213798 0.786202
1 0.522198 0.477802
-1 0.216782 0.783218
-1 0.214336 0.785664
-1 0.224323 0.775677
-1 0.220023 0.779977
-1 0.21431 0.78569
-1 0.299929 0.700071
-1 0.21494 0.78506
-1 0.214536 0.785464
-1 0.29019 0.70981
-1 0.214125 0.785875
-1 0.22691 0.77309
-1 0.214407 0.785593
-1 0.213656 0.786344
-1 0.234723 0.765277
-1 0.263152 0.736848
-1 0.214199 0.785801
-1 0.262154 0.737846
-1 0.214344 0.785656
-1 0.214234 0.785766
-1 0.241501 0.758499
-1 0.213798 0.786202
-1 0.254567 0.745433
-1 0.214697 0.785303
-1 0.376037 0.623963
